605918082
640008704
640008732
640010163
640010368
640010378
640010428
640010431
651728561
690829335
695020781
696398546
822267935
846636302
851823252
851823495
851823499
854794378
854794380
854794551
854794565
854794570
854794895
854794934
856638731
857705083
858166080
865449579
865459016
865459956
865459975
871621052
876665258
910203782
910473428
910612118
910612133
910612386
910651986
910788860
910861548
917938568
919462073
919462212
919462221
919462612
919462682
919590497
919602883
919790580
919790602
919790648
919895763
919895918
919970960
919970986
919970990
919970995
919973072
919976758
923808873
927684118
927684424
927684558
927684561
927699515
930487264
930487739
930487842
930907346
930907857
932940312
937371047
941733794
944148962
944342851
945527200
950724199
950724410
950724419
950724420
950724468
950724469
951403233
951744928
958874467
959771280
960203766
960270896
960383200
966001578
967831667
967831669
967831701
967831732
967921127
967921134
967921167
967921349
975570523
979301429
980072585
984279011
984279050
984279246
988141517
