604011577
604060886
605918082
606549096
607711810
623254045
625008300
627382938
639112927
641045318
644686891
650582729
651007607
652123104
654172227
658128622
658168854
659271078
665720528
673031776
675767607
683135148
687378568
693128517
693128541
695703892
696992391
722702611
800009890
822199568
825775700
825775813
828154144
828913779
846636000
846636305
848982683
851816600
851816613
851816641
851816646
851816647
851816649
851816652
851816659
851816660
851816682
851816684
851816695
851816698
851816699
851823014
851823016
851823025
851823031
851823032
851823253
851823269
851823435
851823436
851823457
851823493
851823498
851823502
851823503
851823505
851823557
851823558
851823566
851823567
851823570
851823585
853718233
853718654
854618189
854794000
854794016
854794025
854794029
854794039
854794064
854794163
854794175
854794190
854794251
854794403
854794404
854794405
854794406
854794407
854794480
854794502
854794503
854794510
854794587
854794706
854794707
854794708
854794710
854794716
854794730
854794731
854794733
854794891
854794893
854794896
854794897
854794932
854900331
854900333
854900334
854900338
854900339
856184080
856638730
856638743
856638746
856638753
856638758
856638763
856638765
856638767
856638772
856638774
856638905
856638955
865449415
865449457
865449467
865449560
865449561
865449565
865449580
865459012
865459040
865459088
865459218
865459240
865459273
865459298
865459300
865459311
865459333
865459383
865459384
865459385
865459386
865459387
865459503
865459506
865459959
865459967
868293013
868293044
868293051
868293189
868293190
868359043
871263026
872296020
872296021
881151774
883865027
883865028
900470000
900499101
910054265
910203725
910204334
910449650
910612385
910612398
910629700
910629725
910629736
910629741
910629753
910629757
910629842
910629848
910629943
910633234
910861524
910869162
911084752
911088297
911096183
911096298
911098828
911173706
911173813
911174193
911210900
911319342
911319345
911319346
911319347
911319348
911410438
911969175
911969176
912158568
912222123
912774554
913534213
913847771
914104958
914105598
914187988
914566686
916104033
917220650
917379484
917938541
917938564
917938565
917938566
917938587
917938588
917938589
917938665
917938666
917938670
917938671
917938677
917938679
917943131
917943160
919076725
919187409
919187798
919341048
919462039
919462043
919462054
919462059
919462065
919462068
919462075
919462081
919462086
919462087
919462203
919462209
919462316
919462405
919462524
919462540
919462645
919462651
919462657
919462660
919462680
919462698
919462752
919462781
919462789
919462809
919462816
919462819
919462880
919462896
919462919
919462940
919462946
919462949
919462983
919490311
919490321
919590727
919593405
919596325
919599557
919604471
919690892
919694279
919698776
919698854
919790700
919790731
919791150
919893374
919896017
919898788
919898820
919898864
919898967
919900422
919970259
919970455
919970570
919973025
919973074
919973463
919973482
919973534
919973540
919975357
919976561
919977375
919977421
919977542
919977624
919977625
919977932
919992724
919993753
919999386
920501958
925573032
927684453
927684472
927684474
927684518
927684560
927684570
927684582
930473433
930473484
930473505
930479680
930487025
930487232
930487239
930487265
930487465
930487730
930487732
930487911
930901267
930903148
930907642
930958044
930958067
930958140
930958269
931202901
931217472
931356759
931357373
931710537
931710546
937817617
937947775
941733795
942423067
942512604
943068808
944582731
946535299
946535300
946535301
946535302
946988679
946988680
946988684
950502161
950724205
950724212
950724215
950724270
950724388
950724577
950950261
950950263
950950264
950950267
950957225
950957226
951203073
951403232
951403236
951403237
951741206
951830364
953171261
953172181
955123667
955310954
955310958
956187532
957782701
957782704
958871503
958871604
958878442
960134697
960135014
960201662
960203171
960204148
960206815
960207915
960383061
960383095
960383146
960383147
960383154
960383217
960383225
960383229
960383404
960383406
960383407
960383419
960383421
960383422
960383430
960383431
960383449
960383921
960383922
960383923
960383924
960383925
960383929
960383996
960396539
960397275
960664458
961824068
961824704
962096055
964865535
965000395
965274361
967772045
967831615
967831621
967831627
967831637
967831639
967831643
967831657
967831671
967831700
967831703
967831721
967921045
967921058
967921150
967921155
967921344
969445907
969445908
973932061
975083002
975570523
976817423
977902440
979301429
982613018
983240427
983573584
984279066
984279117
984279212
984279226
984279231
984802278
